1 1 90000 90000 10000 1000 1000 0
2 2 90000 90000 10000 1000 1000 0
3 4 90000 90000 10000 1000 1000 0
4 1 90000 90000 10000 1000 1000 0
5 3 90000 90000 10000 1000 1000 0
6 5 90000 90000 10000 1000 1000 0
7 6 90000 90000 10000 1000 1000 0
8 8 90000 90000 10000 1000 1000 0
9 12 90000 90000 10000 1000 1000 0
10 7 90000 90000 10000 1000 1000 0
11 1 90000 90000 10000 1000 1000 0
12 8 90000 90000 10000 1000 1000 0
13 10 90000 90000 10000 1000 1000 0
14 12 90000 90000 10000 1000 1000 0
15 15 90000 90000 10000 1000 1000 0
16 10 90000 90000 10000 1000 1000 0