1 1       0     0 12500  500  500 0
2 1    4000     0 12500  500  500 0
3 1    8000     0 12500  500  500 0
4 1   12000     0 12500  500  500 0
5 1   16000     0 12500  500  500 0

6 11      0  5000 10000  500  500 0
7 11      0 10000 10000  500  500 0
8 11      0 15000 10000  500  500 0
9 11      0 20000 10000  500  500 0
10 11     0 25000 10000  500  500 0

11 21     0 99000 12500  500  500 0
12 21     0 94000 12500  500  500 0
13 21     0 89000 12500  500  500 0
14 21     0 84000 12500  500  500 0
15 21     0 79000 12500  500  500 0

16 31 100000 100000  12500 -500 -500 0
17 31  96000 100000  12500 -500 -500 0
18 31  92000 100000  12500 -500 -500 0
19 31  88000 100000  12500 -500 -500 0
20 31  84000 100000  12500 -500 -500 0

21 40  20000      0 7500  500  500 0
22 40  25000      0 7500  500  500 0
23 40  30000      0 7500  500  500 0
24 40  35000      0 7500  500  500 0
25 40  40000      0 7500  500  500 0

26 50   99000     0 6000  500  500 0
27 50   94000     0 12500  500  500 0
28 50   89000     0 12500  500  500 0
29 50   84000     0 12500  500  500 0
30 50   79000     0 12500  500  500 0

31 60    5000 100000 3000 -500 -500 0
32 60   10000 100000 3000 -500 -500 0
33 60   15000 100000 3000 -500 -500 0
34 60   20000 100000 3000 -500 -500 0
35 60   25000 100000 3000 -500 -500 0

36 70   30000 100000 20000  500 -500 0
37 70   35000 100000 20000  500 -500 0
38 70   40000 100000 20000  500 -500 0
39 70   45000 100000 20000  500 -500 0
40 70   50000 100000 20000  500 -500 0

41 80  100000   5000 5000 -500  500 0
42 80  100000  10000 5000 -500  500 0
43 80  100000  15000 5000 -500  500 0
44 80  100000  20000 5000 -500  500 0
45 80  100000  25000 5000 -500  500 0

46 90  100000  30000 22000 -500  500 0
47 90  100000  35000 22000 -500  500 0
48 90  100000  40000 22000 -500  500 0
49 90  100000  45000 22000 -500  500 0
50 90  100000  50000 22000 -500  500 0