1 1       0     0 12500  500  500 0
2 1    4000     0 12500  500  500 0
3 1    8000     0 12500  500  500 0
4 1   12000     0 12500  500  500 0
5 1   16000     0 12500  500  500 0

6 11      0  4000 12500  500  500 0
7 11  94000     0 12500  500  500 0
8 11  89000     0 12500  500  500 0
9 11  84000     0 12500  500  500 0
10 11 79000     0 12500  500  500 0

11 21     0 99000 12500  500  500 0
12 21     0 94000 12500  500  500 0
13 21     0 89000 12500  500  500 0
14 21     0 84000 12500  500  500 0
15 21     0 79000 12500  500  500 0

16 31 100000 100000  12500 -500 -500 0
17 31  96000 100000  12500 -500 -500 0
18 31  92000 100000  12500 -500 -500 0
19 31  88000 100000  12500 -500 -500 0
20 31  84000 100000  12500 -500 -500 0


