1 1       0 89000 15000  329 -591 0
2 1       0 78000   100  493  394 0
3 1       0 25000 10000  411 -493 0
4 1       0  9000  1500  656 -427 0
5 1       0 12000  1000  656 -394 0

6 1  2000       0 21000  656  493 0
7 1 99000       0 12000 -493  105 0
8 1  7000       0  2100  558  394 0
9 1 77000       0  2500 -558  591 0
10 1  250       0  1000  493  493 0

11 4      0 30000 19000  591 -493 0
12 4      0 13000  6900  493  656 0
13 4      0 50000 19000  607 -394 0
14 4      0  9000 12500  361  476 0
15 4      0  2000 14000  493  460 0

16 10     0 90000 10500 -493 -329 0
17 10     0 83000 16000  493 -493 0
18 10     0 27500 13000  558  591 0
19 10     0  9000  1500  558  558 0
20 10     0 40000  9000  493 -624 0

21 4 34000      0 15000  476  329 0
22 4 29000      0   100  656  427 0
23 4 19000      0 10000  394  656 0
24 4 39000      0 17500  493  460 0
25 4 44000      0 14500 -591  493 0

26 10 45000     0  5000  460  493 0
27 10 29000     0   100  394  427 0
28 10 78000     0  1200 -493  411 0
29 10 38000     0 21500  427  493 0
30 10 99000     0 22000  493  296 0

31 13 62000     0 24000  656  460 0
32 13 79000     0 22100 -525  460 0
33 13 90000     0 15600 -493  175 0
34 13 22000     0 18500  656  263 0
35 13 39000     0  7800 -493  443 0

36 13     0 82000 19000  329 -443 0
37 13     0 80000  3100  591  411 0
38 13     0  3000 10400  493 -329 0
39 13     0 17000  5500   66 -493 0
40 13     0  2000  9700  164 -656 0

41 15     0 67000 16000  493 -558 0
42 15     0 52000 11000  196  329 0
43 15     0 30000 20000  411 -175 0
44 15     0  9000 23500  427 -656 0
45 15     0 14000  8000  394  656 0

46 17 37000     0 18700 -411  493 0
47 17 41000     0  2800  296  656 0
48 17 49000     0 14600 -225  329 0
49 17 50000     0 17500  493  476 0
50 17 60000     0  8200  493  196 0

51 19     0 89000 15000  329 -591 0
52 19     0 78000   100  493  394 0
53 19     0 25000 10000  411 -493 0
54 19     0  9000  1500  656 -427 0
55 19     0 12000  1000  656 -394 0

56 21  2000     0 21000  656  493 0
57 21 99000     0 12000 -493  105 0
58 21  7000     0  2100  558  394 0
59 21 77000     0  2500 -558  591 0
60 21   250     0  1000  493  493 0

61 24     0 30000 19000  591 -493 0
62 24     0 13000  6900  493  656 0
63 24     0 50000 19000  607 -394 0
64 24     0  9000 12500  361  476 0
65 24     0  2000 14000  493  460 0

66 30     0 90000 10500 -493 -329 0
67 30     0 83000 16000  493 -493 0
68 30     0 27500 13000  558  591 0
69 30     0  9000  1500  558  558 0
70 30     0 40000  9000  493 -624 0

71 24 34000     0 15000  476  329 0
72 24 29000     0   100  656  427 0
73 24 19000     0 10000  394  656 0
74 24 39000     0 17500  493  460 0
75 24 44000     0 14500 -591  493 0

76 30 45000     0  5000  460  493 0
77 30 29000     0   100  394  427 0
78 30 78000     0  1200 -493  411 0
79 30 38000     0 21500  427  493 0
80 30 99000     0 22000  493  296 0

81 33 62000     0 24000  656  460 0
82 33 79000     0 22100 -525  460 0
83 33 90000     0 15600 -493  175 0
84 33 22000     0 18500  656  263 0
85 33 39000     0  7800 -493  443 0

86 33     0 82000 19000  329 -443 0
87 33     0 80000  3100  591  411 0
88 33     0  3000 10400  493 -329 0
89 33     0 17000  5500   66 -493 0
90 33     0  2000  9700  164 -656 0

91 35     0 67000 16000  493 -558 0
92 35     0 52000 11000  196  329 0
93 35     0 30000 20000  411 -175 0
94 35     0  9000 23500  427 -656 0
95 35     0 14000  8000  394  656 0

96 37 37000     0 18700 -411  493 0
97 37 41000     0  2800  296  656 0
98 37 49000     0 14600 -225  329 0
99 37 50000     0 17500  493  476 0
100 37 60000    0  8200  493  196 0

101 41    0 89000 15000  329 -591 0
102 41    0 78000   100  493  394 0
103 41    0 25000 10000  411 -493 0
104 41    0  9000  1500  656 -427 0
105 41    0 12000  1000  656 -394 0

106 51  2000     0 21000  656  493 0
107 51 99000     0 12000 -493  105 0
108 51  7000     0  2100  558  394 0
109 51 77000     0  2500 -558  591 0
110 51   250     0  1000  493  493 0

111 42     0 30000 19000  591 -493 0
112 42     0 13000  6900  493  656 0
113 42     0 50000 19000  607 -394 0
114 42     0  9000 12500  361  476 0
115 42     0  2000 14000  493  460 0

116 50     0 90000 10500 -493 -329 0
117 50     0 83000 16000  493 -493 0
118 50     0 27500 13000  558  591 0
119 50     0  9000  1500  558  558 0
120 50     0 40000  9000  493 -624 0

121 46 34000     0 15000  476  329 0
122 46 29000     0   100  656  427 0
123 46 19000     0 10000  394  656 0
124 46 39000     0 17500  493  460 0
125 46 44000     0 14500 -591  493 0

126 51 45000     0  5000  460  493 0
127 51 29000     0   100  394  427 0
128 51 78000     0  1200 -493  411 0
129 51 38000     0 21500  427  493 0
130 51 99000     0 22000  493  296 0

131 53 62000     0 24000  656  460 0
132 53 79000     0 22100 -525  460 0
133 53 90000     0 15600 -493  175 0
134 53 22000     0 18500  656  263 0
135 53 39000     0  7800 -493  443 0

136 60     0 82000 19000  329 -443 0
137 60     0 80000  3100  591  411 0
138 60     0  3000 10400  493 -329 0
139 60     0 17000  5500   66 -493 0
140 60     0  2000  9700  164 -656 0

141 65     0 67000 16000  493 -558 0
142 65     0 52000 11000  196  329 0
143 65     0 30000 20000  411 -175 0
144 65     0  9000 23500  427 -656 0
145 65     0 14000  8000  394  656 0

146 57 37000  100000 18700 -411  493 0
147 57 41000  100000  2800 -296  656 0
148 57 49000  100000 14600 -225  329 0
149 57 50000  100000 17500 -493  476 0
150 57 60000  100000  8200 -493  196 0

151 61 100000 89000 15000  -329 -591 0
152 61 100000 78000   100  -493 -394 0
153 61 100000 25000 10000  -411 -493 0
154 61 100000  9000  1500  -656 -427 0
155 61 100000 12000  1000  -656 -394 0

156 68  2000 100000 21000 -656 -493 0
157 68 99000 100000 12000 -493 -105 0
158 68  7000 100000  2100 -558 -394 0
159 68 77000 100000  2500 -558 -591 0
160 68   250 100000  1000 -493 -493 0

161 74 100000 30000 19000 -591 -493 0
162 74 100000 13000  6900 -493 -656 0
163 74 100000 50000 19000 -607 -394 0
164 74 100000  9000 12500 -361 -476 0
165 74 100000  2000 14000 -493 -460 0

166 70 100000 90000 10500 -493 -100 0
167 70 100000 83000 16000 -493 -493 0
168 70 100000 27500 13000 -558 -591 0
169 70 100000  9000  1500 -558 -558 0
170 70 100000 40000  9000 -493 -624 0
 
171 76 34000 100000 15000 -476 -100 0
172 76 29000 100000   100 -656 -427 0
173 76 19000 100000 10000 -394 -656 0
174 76 39000 100000 17500 -493 -460 0
175 76 44000 100000 14500 -591 -493 0

176 80 45000 100000  5000 -460 -493 0
177 80 29000 100000   100 -394 -427 0
178 80 78000 100000  1200 -493 -411 0
179 80 38000 100000 21500 -427 -493 0
180 80 99000 100000 22000 -493 -296 0

181 83 62000 100000 24000 -656 -460 0
182 83 79000 100000 22100 -525 -460 0
183 83 90000 100000 15600 -493 -175 0
184 83 22000 100000 18500 -656 -263 0
185 83 39000 100000  7800 -493 -443 0

186 86  100000 82000 19000 -329 -443 0
187 86  100000 80000  3100 -591 -411 0
188 86  100000  3000 10400 -493 -329 0
189 86  100000 17000  5500  -66 -493 0
190 86  100000  2000  9700 -164 -656 0

191 90  100000 67000 16000 -493 -558 0
192 90  100000 52000 11000 -196 -329 0
193 90  100000 30000 20000 -411 -175 0
194 90  100000  9000 23500 -427 -656 0
195 90  100000 14000  8000 -394 -656 0

196 100     0      0 18700  493  493 0
197 100     0 100000  2800  493 -493 0
198 100 100000     0 14600 -493  493 0
199 100 50000 100000 17500 -493 -493 0
200 100 100000 100000 8200 -493 -493 0